No.:0
sentence: Hi, Iam 34years old & my sonography says Solid cystic complex cyst noted in 6 o clock position in retroareolar region in left breast measuring 19*18mm & left axillary lymphadenopathy.
input_ids:[0, 0, 0, 0, 0, 0, 0, 0, 0, 0, 0, 4036, 19, 35, 1199, 3422, 295, 23, 532, 1123, 94, 966, 6336, 349, 20975, 17, 19616, 556, 1881, 17, 19616, 1699, 25, 284, 17, 155, 5135, 740, 25, 20848, 4895, 155, 4225, 653, 25, 263, 4855, 10602, 1029, 8652, 1010, 2828, 1123, 263, 24, 469, 28107, 23201, 101, 1426, 24591, 9, 4, 3]
attention_masks:[1, 1, 1, 1, 1, 1, 1, 1, 1, 1, 1, 0, 0, 0, 0, 0, 0, 0, 0, 0, 0, 0, 0, 0, 0, 0, 0, 0, 0, 0, 0, 0, 0, 0, 0, 0, 0, 0, 0, 0, 0, 0, 0, 0, 0, 0, 0, 0, 0, 0, 0, 0, 0, 0, 0, 0, 0, 0, 0, 0, 0, 0, 0, 0]
segment_ids:[4, 4, 4, 4, 4, 4, 4, 4, 4, 4, 4, 0, 0, 0, 0, 0, 0, 0, 0, 0, 0, 0, 0, 0, 0, 0, 0, 0, 0, 0, 0, 0, 0, 0, 0, 0, 0, 0, 0, 0, 0, 0, 0, 0, 0, 0, 0, 0, 0, 0, 0, 0, 0, 0, 0, 0, 0, 0, 0, 0, 0, 0, 0, 2]


No.:1
sentence: what does it means?
input_ids:[0, 0, 0, 0, 0, 0, 0, 0, 0, 0, 0, 0, 0, 0, 0, 0, 0, 0, 0, 0, 0, 0, 0, 0, 0, 0, 0, 0, 0, 0, 0, 0, 0, 0, 0, 0, 0, 0, 0, 0, 0, 0, 0, 0, 0, 0, 0, 0, 0, 0, 0, 0, 0, 0, 0, 0, 0, 113, 358, 36, 731, 82, 4, 3]
attention_masks:[1, 1, 1, 1, 1, 1, 1, 1, 1, 1, 1, 1, 1, 1, 1, 1, 1, 1, 1, 1, 1, 1, 1, 1, 1, 1, 1, 1, 1, 1, 1, 1, 1, 1, 1, 1, 1, 1, 1, 1, 1, 1, 1, 1, 1, 1, 1, 1, 1, 1, 1, 1, 1, 1, 1, 1, 1, 0, 0, 0, 0, 0, 0, 0]
segment_ids:[4, 4, 4, 4, 4, 4, 4, 4, 4, 4, 4, 4, 4, 4, 4, 4, 4, 4, 4, 4, 4, 4, 4, 4, 4, 4, 4, 4, 4, 4, 4, 4, 4, 4, 4, 4, 4, 4, 4, 4, 4, 4, 4, 4, 4, 4, 4, 4, 4, 4, 4, 4, 4, 4, 4, 4, 4, 0, 0, 0, 0, 0, 0, 2]


No.:2
sentence: doctor advised to go for FNAC for further evaluation but i did not get it done so far because iam scared with needles ,
input_ids:[0, 0, 0, 0, 0, 0, 0, 0, 0, 0, 0, 0, 0, 0, 0, 0, 0, 0, 0, 0, 0, 0, 0, 0, 0, 0, 0, 0, 0, 0, 0, 0, 2223, 7107, 22, 216, 28, 17, 26442, 6285, 28, 608, 5850, 57, 17, 150, 190, 50, 133, 36, 588, 102, 420, 149, 17, 780, 98, 7726, 33, 19289, 17, 19, 4, 3]
attention_masks:[1, 1, 1, 1, 1, 1, 1, 1, 1, 1, 1, 1, 1, 1, 1, 1, 1, 1, 1, 1, 1, 1, 1, 1, 1, 1, 1, 1, 1, 1, 1, 1, 0, 0, 0, 0, 0, 0, 0, 0, 0, 0, 0, 0, 0, 0, 0, 0, 0, 0, 0, 0, 0, 0, 0, 0, 0, 0, 0, 0, 0, 0, 0, 0]
segment_ids:[4, 4, 4, 4, 4, 4, 4, 4, 4, 4, 4, 4, 4, 4, 4, 4, 4, 4, 4, 4, 4, 4, 4, 4, 4, 4, 4, 4, 4, 4, 4, 4, 0, 0, 0, 0, 0, 0, 0, 0, 0, 0, 0, 0, 0, 0, 0, 0, 0, 0, 0, 0, 0, 0, 0, 0, 0, 0, 0, 0, 0, 0, 0, 2]


1
No.:0
sentence: hi, my doctor has come to the conclusion i have IBS after not showing any signs of chrons in a colonoscopy test.
input_ids:[0, 0, 0, 0, 0, 0, 0, 0, 0, 0, 0, 0, 0, 0, 0, 0, 0, 0, 0, 0, 0, 0, 0, 0, 0, 0, 0, 0, 0, 0, 0, 0, 17, 2582, 19, 94, 2223, 51, 280, 22, 18, 5699, 17, 150, 47, 35, 7096, 99, 50, 2343, 124, 2832, 20, 17, 20276, 23, 25, 24, 10745, 28839, 934, 9, 4, 3]
attention_masks:[1, 1, 1, 1, 1, 1, 1, 1, 1, 1, 1, 1, 1, 1, 1, 1, 1, 1, 1, 1, 1, 1, 1, 1, 1, 1, 1, 1, 1, 1, 1, 1, 0, 0, 0, 0, 0, 0, 0, 0, 0, 0, 0, 0, 0, 0, 0, 0, 0, 0, 0, 0, 0, 0, 0, 0, 0, 0, 0, 0, 0, 0, 0, 0]
segment_ids:[4, 4, 4, 4, 4, 4, 4, 4, 4, 4, 4, 4, 4, 4, 4, 4, 4, 4, 4, 4, 4, 4, 4, 4, 4, 4, 4, 4, 4, 4, 4, 4, 0, 0, 0, 0, 0, 0, 0, 0, 0, 0, 0, 0, 0, 0, 0, 0, 0, 0, 0, 0, 0, 0, 0, 0, 0, 0, 0, 0, 0, 0, 0, 2]


No.:1
sentence: I have every symptom of chrons however: Ab pain, bowel changes, bloating, pain, have had red eyes, sore on leg that change color when fading, mouth ulcers, etc
input_ids:[0, 0, 0, 0, 0, 0, 0, 0, 0, 0, 0, 0, 0, 0, 0, 0, 0, 0, 0, 0, 0, 35, 47, 300, 23144, 20, 17, 20276, 23, 634, 60, 5304, 1593, 19, 22697, 1084, 19, 17, 9172, 2076, 19, 1593, 19, 47, 54, 1170, 568, 19, 11111, 31, 2569, 29, 459, 1638, 90, 19521, 19, 1780, 23524, 23, 19, 1813, 4, 3]
attention_masks:[1, 1, 1, 1, 1, 1, 1, 1, 1, 1, 1, 1, 1, 1, 1, 1, 1, 1, 1, 1, 1, 0, 0, 0, 0, 0, 0, 0, 0, 0, 0, 0, 0, 0, 0, 0, 0, 0, 0, 0, 0, 0, 0, 0, 0, 0, 0, 0, 0, 0, 0, 0, 0, 0, 0, 0, 0, 0, 0, 0, 0, 0, 0, 0]
segment_ids:[4, 4, 4, 4, 4, 4, 4, 4, 4, 4, 4, 4, 4, 4, 4, 4, 4, 4, 4, 4, 4, 0, 0, 0, 0, 0, 0, 0, 0, 0, 0, 0, 0, 0, 0, 0, 0, 0, 0, 0, 0, 0, 0, 0, 0, 0, 0, 0, 0, 0, 0, 0, 0, 0, 0, 0, 0, 0, 0, 0, 0, 0, 0, 2]


No.:2
sentence: my question is has anyone been diagnosed with chrons after having a clear colonoscpy?
input_ids:[0, 0, 0, 0, 0, 0, 0, 0, 0, 0, 0, 0, 0, 0, 0, 0, 0, 0, 0, 0, 0, 0, 0, 0, 0, 0, 0, 0, 0, 0, 0, 0, 0, 0, 0, 0, 0, 0, 0, 0, 0, 0, 94, 893, 27, 51, 1216, 72, 9740, 33, 17, 20276, 23, 99, 491, 24, 791, 10745, 1575, 369, 4546, 82, 4, 3]
attention_masks:[1, 1, 1, 1, 1, 1, 1, 1, 1, 1, 1, 1, 1, 1, 1, 1, 1, 1, 1, 1, 1, 1, 1, 1, 1, 1, 1, 1, 1, 1, 1, 1, 1, 1, 1, 1, 1, 1, 1, 1, 1, 1, 0, 0, 0, 0, 0, 0, 0, 0, 0, 0, 0, 0, 0, 0, 0, 0, 0, 0, 0, 0, 0, 0]
segment_ids:[4, 4, 4, 4, 4, 4, 4, 4, 4, 4, 4, 4, 4, 4, 4, 4, 4, 4, 4, 4, 4, 4, 4, 4, 4, 4, 4, 4, 4, 4, 4, 4, 4, 4, 4, 4, 4, 4, 4, 4, 4, 4, 0, 0, 0, 0, 0, 0, 0, 0, 0, 0, 0, 0, 0, 0, 0, 0, 0, 0, 0, 0, 0, 2]


0
No.:0
sentence: I have been a coffee drinker on and off since I was little.
input_ids:[0, 0, 0, 0, 0, 0, 0, 0, 0, 0, 0, 0, 0, 0, 0, 0, 0, 0, 0, 0, 0, 0, 0, 0, 0, 0, 0, 0, 0, 0, 0, 0, 0, 0, 0, 0, 0, 0, 0, 0, 0, 0, 0, 0, 0, 0, 0, 35, 47, 72, 24, 2877, 3347, 118, 31, 21, 177, 196, 35, 30, 293, 9, 4, 3]
attention_masks:[1, 1, 1, 1, 1, 1, 1, 1, 1, 1, 1, 1, 1, 1, 1, 1, 1, 1, 1, 1, 1, 1, 1, 1, 1, 1, 1, 1, 1, 1, 1, 1, 1, 1, 1, 1, 1, 1, 1, 1, 1, 1, 1, 1, 1, 1, 1, 0, 0, 0, 0, 0, 0, 0, 0, 0, 0, 0, 0, 0, 0, 0, 0, 0]
segment_ids:[4, 4, 4, 4, 4, 4, 4, 4, 4, 4, 4, 4, 4, 4, 4, 4, 4, 4, 4, 4, 4, 4, 4, 4, 4, 4, 4, 4, 4, 4, 4, 4, 4, 4, 4, 4, 4, 4, 4, 4, 4, 4, 4, 4, 4, 4, 4, 0, 0, 0, 0, 0, 0, 0, 0, 0, 0, 0, 0, 0, 0, 0, 0, 2]


No.:1
sentence: I notice now that I am older, and perhaps I have always had this issue just did not correlate the connection between the two, but I have to wonder if it is possible for me to have an allergy to coffee.
input_ids:[0, 0, 0, 0, 0, 0, 0, 0, 0, 0, 0, 0, 0, 0, 0, 0, 0, 0, 35, 2588, 145, 29, 35, 569, 1839, 19, 21, 1952, 35, 47, 426, 54, 52, 671, 125, 190, 50, 22365, 18, 2397, 161, 18, 87, 19, 57, 35, 47, 22, 3609, 108, 36, 27, 498, 28, 110, 22, 47, 48, 23558, 22, 2877, 9, 4, 3]
attention_masks:[1, 1, 1, 1, 1, 1, 1, 1, 1, 1, 1, 1, 1, 1, 1, 1, 1, 1, 0, 0, 0, 0, 0, 0, 0, 0, 0, 0, 0, 0, 0, 0, 0, 0, 0, 0, 0, 0, 0, 0, 0, 0, 0, 0, 0, 0, 0, 0, 0, 0, 0, 0, 0, 0, 0, 0, 0, 0, 0, 0, 0, 0, 0, 0]
segment_ids:[4, 4, 4, 4, 4, 4, 4, 4, 4, 4, 4, 4, 4, 4, 4, 4, 4, 4, 0, 0, 0, 0, 0, 0, 0, 0, 0, 0, 0, 0, 0, 0, 0, 0, 0, 0, 0, 0, 0, 0, 0, 0, 0, 0, 0, 0, 0, 0, 0, 0, 0, 0, 0, 0, 0, 0, 0, 0, 0, 0, 0, 0, 0, 2]


No.:2
sentence: When I drink it, if I drink about 2 cups a day spaced out, it takes about a week for me to get these symptoms: - sore throat, increased nasal drainage and nasal drip in the back of my throat, sometimes slight eye swelling, slight cough.
input_ids:[0, 0, 0, 0, 0, 0, 0, 311, 35, 3347, 36, 19, 108, 35, 3347, 75, 159, 11344, 24, 191, 888, 66, 78, 19, 36, 1321, 75, 24, 260, 28, 110, 22, 133, 166, 3852, 60, 17, 13, 11111, 4596, 19, 1283, 25090, 17050, 21, 25090, 21680, 25, 18, 126, 20, 94, 4596, 19, 1382, 7266, 1715, 17174, 19, 7266, 12572, 9, 4, 3]
attention_masks:[1, 1, 1, 1, 1, 1, 1, 0, 0, 0, 0, 0, 0, 0, 0, 0, 0, 0, 0, 0, 0, 0, 0, 0, 0, 0, 0, 0, 0, 0, 0, 0, 0, 0, 0, 0, 0, 0, 0, 0, 0, 0, 0, 0, 0, 0, 0, 0, 0, 0, 0, 0, 0, 0, 0, 0, 0, 0, 0, 0, 0, 0, 0, 0]
segment_ids:[4, 4, 4, 4, 4, 4, 4, 0, 0, 0, 0, 0, 0, 0, 0, 0, 0, 0, 0, 0, 0, 0, 0, 0, 0, 0, 0, 0, 0, 0, 0, 0, 0, 0, 0, 0, 0, 0, 0, 0, 0, 0, 0, 0, 0, 0, 0, 0, 0, 0, 0, 0, 0, 0, 0, 0, 0, 0, 0, 0, 0, 0, 0, 2]


1
No.:0
sentence: hi, my doctor has come to the conclusion i have IBS after not showing any signs of chrons in a colonoscopy test.
input_ids:[0, 0, 0, 0, 0, 0, 0, 0, 0, 0, 0, 0, 0, 0, 0, 0, 0, 0, 0, 0, 0, 0, 0, 0, 0, 0, 0, 0, 0, 0, 0, 0, 17, 2582, 19, 94, 2223, 51, 280, 22, 18, 5699, 17, 150, 47, 35, 7096, 99, 50, 2343, 124, 2832, 20, 17, 20276, 23, 25, 24, 10745, 28839, 934, 9, 4, 3]
attention_masks:[1, 1, 1, 1, 1, 1, 1, 1, 1, 1, 1, 1, 1, 1, 1, 1, 1, 1, 1, 1, 1, 1, 1, 1, 1, 1, 1, 1, 1, 1, 1, 1, 0, 0, 0, 0, 0, 0, 0, 0, 0, 0, 0, 0, 0, 0, 0, 0, 0, 0, 0, 0, 0, 0, 0, 0, 0, 0, 0, 0, 0, 0, 0, 0]
segment_ids:[4, 4, 4, 4, 4, 4, 4, 4, 4, 4, 4, 4, 4, 4, 4, 4, 4, 4, 4, 4, 4, 4, 4, 4, 4, 4, 4, 4, 4, 4, 4, 4, 0, 0, 0, 0, 0, 0, 0, 0, 0, 0, 0, 0, 0, 0, 0, 0, 0, 0, 0, 0, 0, 0, 0, 0, 0, 0, 0, 0, 0, 0, 0, 2]


No.:1
sentence: I have every symptom of chrons however: Ab pain, bowel changes, bloating, pain, have had red eyes, sore on leg that change color when fading, mouth ulcers, etc
input_ids:[0, 0, 0, 0, 0, 0, 0, 0, 0, 0, 0, 0, 0, 0, 0, 0, 0, 0, 0, 0, 0, 35, 47, 300, 23144, 20, 17, 20276, 23, 634, 60, 5304, 1593, 19, 22697, 1084, 19, 17, 9172, 2076, 19, 1593, 19, 47, 54, 1170, 568, 19, 11111, 31, 2569, 29, 459, 1638, 90, 19521, 19, 1780, 23524, 23, 19, 1813, 4, 3]
attention_masks:[1, 1, 1, 1, 1, 1, 1, 1, 1, 1, 1, 1, 1, 1, 1, 1, 1, 1, 1, 1, 1, 0, 0, 0, 0, 0, 0, 0, 0, 0, 0, 0, 0, 0, 0, 0, 0, 0, 0, 0, 0, 0, 0, 0, 0, 0, 0, 0, 0, 0, 0, 0, 0, 0, 0, 0, 0, 0, 0, 0, 0, 0, 0, 0]
segment_ids:[4, 4, 4, 4, 4, 4, 4, 4, 4, 4, 4, 4, 4, 4, 4, 4, 4, 4, 4, 4, 4, 0, 0, 0, 0, 0, 0, 0, 0, 0, 0, 0, 0, 0, 0, 0, 0, 0, 0, 0, 0, 0, 0, 0, 0, 0, 0, 0, 0, 0, 0, 0, 0, 0, 0, 0, 0, 0, 0, 0, 0, 0, 0, 2]


No.:2
sentence: my question is has anyone been diagnosed with chrons after having a clear colonoscpy?
input_ids:[0, 0, 0, 0, 0, 0, 0, 0, 0, 0, 0, 0, 0, 0, 0, 0, 0, 0, 0, 0, 0, 0, 0, 0, 0, 0, 0, 0, 0, 0, 0, 0, 0, 0, 0, 0, 0, 0, 0, 0, 0, 0, 94, 893, 27, 51, 1216, 72, 9740, 33, 17, 20276, 23, 99, 491, 24, 791, 10745, 1575, 369, 4546, 82, 4, 3]
attention_masks:[1, 1, 1, 1, 1, 1, 1, 1, 1, 1, 1, 1, 1, 1, 1, 1, 1, 1, 1, 1, 1, 1, 1, 1, 1, 1, 1, 1, 1, 1, 1, 1, 1, 1, 1, 1, 1, 1, 1, 1, 1, 1, 0, 0, 0, 0, 0, 0, 0, 0, 0, 0, 0, 0, 0, 0, 0, 0, 0, 0, 0, 0, 0, 0]
segment_ids:[4, 4, 4, 4, 4, 4, 4, 4, 4, 4, 4, 4, 4, 4, 4, 4, 4, 4, 4, 4, 4, 4, 4, 4, 4, 4, 4, 4, 4, 4, 4, 4, 4, 4, 4, 4, 4, 4, 4, 4, 4, 4, 0, 0, 0, 0, 0, 0, 0, 0, 0, 0, 0, 0, 0, 0, 0, 0, 0, 0, 0, 0, 0, 2]


2
No.:0
sentence: Hi, Iam 34years old & my sonography says Solid cystic complex cyst noted in 6 o clock position in retroareolar region in left breast measuring 19*18mm & left axillary lymphadenopathy.
input_ids:[0, 0, 0, 0, 0, 0, 0, 0, 0, 0, 0, 4036, 19, 35, 1199, 3422, 295, 23, 532, 1123, 94, 966, 6336, 349, 20975, 17, 19616, 556, 1881, 17, 19616, 1699, 25, 284, 17, 155, 5135, 740, 25, 20848, 4895, 155, 4225, 653, 25, 263, 4855, 10602, 1029, 8652, 1010, 2828, 1123, 263, 24, 469, 28107, 23201, 101, 1426, 24591, 9, 4, 3]
attention_masks:[1, 1, 1, 1, 1, 1, 1, 1, 1, 1, 1, 0, 0, 0, 0, 0, 0, 0, 0, 0, 0, 0, 0, 0, 0, 0, 0, 0, 0, 0, 0, 0, 0, 0, 0, 0, 0, 0, 0, 0, 0, 0, 0, 0, 0, 0, 0, 0, 0, 0, 0, 0, 0, 0, 0, 0, 0, 0, 0, 0, 0, 0, 0, 0]
segment_ids:[4, 4, 4, 4, 4, 4, 4, 4, 4, 4, 4, 0, 0, 0, 0, 0, 0, 0, 0, 0, 0, 0, 0, 0, 0, 0, 0, 0, 0, 0, 0, 0, 0, 0, 0, 0, 0, 0, 0, 0, 0, 0, 0, 0, 0, 0, 0, 0, 0, 0, 0, 0, 0, 0, 0, 0, 0, 0, 0, 0, 0, 0, 0, 2]


No.:1
sentence: what does it means?
input_ids:[0, 0, 0, 0, 0, 0, 0, 0, 0, 0, 0, 0, 0, 0, 0, 0, 0, 0, 0, 0, 0, 0, 0, 0, 0, 0, 0, 0, 0, 0, 0, 0, 0, 0, 0, 0, 0, 0, 0, 0, 0, 0, 0, 0, 0, 0, 0, 0, 0, 0, 0, 0, 0, 0, 0, 0, 0, 113, 358, 36, 731, 82, 4, 3]
attention_masks:[1, 1, 1, 1, 1, 1, 1, 1, 1, 1, 1, 1, 1, 1, 1, 1, 1, 1, 1, 1, 1, 1, 1, 1, 1, 1, 1, 1, 1, 1, 1, 1, 1, 1, 1, 1, 1, 1, 1, 1, 1, 1, 1, 1, 1, 1, 1, 1, 1, 1, 1, 1, 1, 1, 1, 1, 1, 0, 0, 0, 0, 0, 0, 0]
segment_ids:[4, 4, 4, 4, 4, 4, 4, 4, 4, 4, 4, 4, 4, 4, 4, 4, 4, 4, 4, 4, 4, 4, 4, 4, 4, 4, 4, 4, 4, 4, 4, 4, 4, 4, 4, 4, 4, 4, 4, 4, 4, 4, 4, 4, 4, 4, 4, 4, 4, 4, 4, 4, 4, 4, 4, 4, 4, 0, 0, 0, 0, 0, 0, 2]


No.:2
sentence: doctor advised to go for FNAC for further evaluation but i did not get it done so far because iam scared with needles ,
input_ids:[0, 0, 0, 0, 0, 0, 0, 0, 0, 0, 0, 0, 0, 0, 0, 0, 0, 0, 0, 0, 0, 0, 0, 0, 0, 0, 0, 0, 0, 0, 0, 0, 2223, 7107, 22, 216, 28, 17, 26442, 6285, 28, 608, 5850, 57, 17, 150, 190, 50, 133, 36, 588, 102, 420, 149, 17, 780, 98, 7726, 33, 19289, 17, 19, 4, 3]
attention_masks:[1, 1, 1, 1, 1, 1, 1, 1, 1, 1, 1, 1, 1, 1, 1, 1, 1, 1, 1, 1, 1, 1, 1, 1, 1, 1, 1, 1, 1, 1, 1, 1, 0, 0, 0, 0, 0, 0, 0, 0, 0, 0, 0, 0, 0, 0, 0, 0, 0, 0, 0, 0, 0, 0, 0, 0, 0, 0, 0, 0, 0, 0, 0, 0]
segment_ids:[4, 4, 4, 4, 4, 4, 4, 4, 4, 4, 4, 4, 4, 4, 4, 4, 4, 4, 4, 4, 4, 4, 4, 4, 4, 4, 4, 4, 4, 4, 4, 4, 0, 0, 0, 0, 0, 0, 0, 0, 0, 0, 0, 0, 0, 0, 0, 0, 0, 0, 0, 0, 0, 0, 0, 0, 0, 0, 0, 0, 0, 0, 0, 2]


0
No.:0
sentence: I have been a coffee drinker on and off since I was little.
input_ids:[0, 0, 0, 0, 0, 0, 0, 0, 0, 0, 0, 0, 0, 0, 0, 0, 0, 0, 0, 0, 0, 0, 0, 0, 0, 0, 0, 0, 0, 0, 0, 0, 0, 0, 0, 0, 0, 0, 0, 0, 0, 0, 0, 0, 0, 0, 0, 35, 47, 72, 24, 2877, 3347, 118, 31, 21, 177, 196, 35, 30, 293, 9, 4, 3]
attention_masks:[1, 1, 1, 1, 1, 1, 1, 1, 1, 1, 1, 1, 1, 1, 1, 1, 1, 1, 1, 1, 1, 1, 1, 1, 1, 1, 1, 1, 1, 1, 1, 1, 1, 1, 1, 1, 1, 1, 1, 1, 1, 1, 1, 1, 1, 1, 1, 0, 0, 0, 0, 0, 0, 0, 0, 0, 0, 0, 0, 0, 0, 0, 0, 0]
segment_ids:[4, 4, 4, 4, 4, 4, 4, 4, 4, 4, 4, 4, 4, 4, 4, 4, 4, 4, 4, 4, 4, 4, 4, 4, 4, 4, 4, 4, 4, 4, 4, 4, 4, 4, 4, 4, 4, 4, 4, 4, 4, 4, 4, 4, 4, 4, 4, 0, 0, 0, 0, 0, 0, 0, 0, 0, 0, 0, 0, 0, 0, 0, 0, 2]


No.:1
sentence: I notice now that I am older, and perhaps I have always had this issue just did not correlate the connection between the two, but I have to wonder if it is possible for me to have an allergy to coffee.
input_ids:[0, 0, 0, 0, 0, 0, 0, 0, 0, 0, 0, 0, 0, 0, 0, 0, 0, 0, 35, 2588, 145, 29, 35, 569, 1839, 19, 21, 1952, 35, 47, 426, 54, 52, 671, 125, 190, 50, 22365, 18, 2397, 161, 18, 87, 19, 57, 35, 47, 22, 3609, 108, 36, 27, 498, 28, 110, 22, 47, 48, 23558, 22, 2877, 9, 4, 3]
attention_masks:[1, 1, 1, 1, 1, 1, 1, 1, 1, 1, 1, 1, 1, 1, 1, 1, 1, 1, 0, 0, 0, 0, 0, 0, 0, 0, 0, 0, 0, 0, 0, 0, 0, 0, 0, 0, 0, 0, 0, 0, 0, 0, 0, 0, 0, 0, 0, 0, 0, 0, 0, 0, 0, 0, 0, 0, 0, 0, 0, 0, 0, 0, 0, 0]
segment_ids:[4, 4, 4, 4, 4, 4, 4, 4, 4, 4, 4, 4, 4, 4, 4, 4, 4, 4, 0, 0, 0, 0, 0, 0, 0, 0, 0, 0, 0, 0, 0, 0, 0, 0, 0, 0, 0, 0, 0, 0, 0, 0, 0, 0, 0, 0, 0, 0, 0, 0, 0, 0, 0, 0, 0, 0, 0, 0, 0, 0, 0, 0, 0, 2]


No.:2
sentence: When I drink it, if I drink about 2 cups a day spaced out, it takes about a week for me to get these symptoms: - sore throat, increased nasal drainage and nasal drip in the back of my throat, sometimes slight eye swelling, slight cough.
input_ids:[0, 0, 0, 0, 0, 0, 0, 311, 35, 3347, 36, 19, 108, 35, 3347, 75, 159, 11344, 24, 191, 888, 66, 78, 19, 36, 1321, 75, 24, 260, 28, 110, 22, 133, 166, 3852, 60, 17, 13, 11111, 4596, 19, 1283, 25090, 17050, 21, 25090, 21680, 25, 18, 126, 20, 94, 4596, 19, 1382, 7266, 1715, 17174, 19, 7266, 12572, 9, 4, 3]
attention_masks:[1, 1, 1, 1, 1, 1, 1, 0, 0, 0, 0, 0, 0, 0, 0, 0, 0, 0, 0, 0, 0, 0, 0, 0, 0, 0, 0, 0, 0, 0, 0, 0, 0, 0, 0, 0, 0, 0, 0, 0, 0, 0, 0, 0, 0, 0, 0, 0, 0, 0, 0, 0, 0, 0, 0, 0, 0, 0, 0, 0, 0, 0, 0, 0]
segment_ids:[4, 4, 4, 4, 4, 4, 4, 0, 0, 0, 0, 0, 0, 0, 0, 0, 0, 0, 0, 0, 0, 0, 0, 0, 0, 0, 0, 0, 0, 0, 0, 0, 0, 0, 0, 0, 0, 0, 0, 0, 0, 0, 0, 0, 0, 0, 0, 0, 0, 0, 0, 0, 0, 0, 0, 0, 0, 0, 0, 0, 0, 0, 0, 2]


0
======== Train Datasets: HIF2016_DIS00_polarity.tsv HIF2016_DIS01_polarity.tsv
======== Test Dataset: HIF2016_DIS02_polarity.tsv
========== Running training ==========
  Num examples = 2583
  Batch size = 32
  Num steps = 405
Train loss: 0.8496443659067154
Train loss: 0.5210433129221201
Train loss: 0.34766974914819004
Train loss: 0.2024946477264166
Train loss: 0.1447417319752276
========== Running evaluation ==========
  Num examples =864
  Batch size = 32
========== Test results ==========
  eval_accuracy = 0.7465277777777778
  eval_loss = 1.090175265515292
  loss = 0.1447417319752276
              precision    recall  f1-score   support

           0       0.67      0.82      0.74       171
           1       0.86      0.68      0.76       477
           2       0.66      0.82      0.73       216

   micro avg       0.75      0.75      0.75       864
   macro avg       0.73      0.78      0.74       864
weighted avg       0.77      0.75      0.75       864



======== Train Datasets: HIF2016_DIS02_polarity.tsv HIF2016_DIS01_polarity.tsv
======== Test Dataset: HIF2016_DIS00_polarity.tsv
========== Running training ==========
  Num examples = 2492
  Batch size = 32
  Num steps = 390
Train loss: 0.8911456725040039
Train loss: 0.5333476492336818
Train loss: 0.3736343046093916
Train loss: 0.24678877886239584
Train loss: 0.17496366881124384
========== Running evaluation ==========
  Num examples =955
  Batch size = 32
========== Test results ==========
  eval_accuracy = 0.7445026178010471
  eval_loss = 1.1051095386346181
  loss = 0.17496366881124384
              precision    recall  f1-score   support

           0       0.68      0.82      0.74       162
           1       0.82      0.74      0.77       499
           2       0.68      0.72      0.70       294

   micro avg       0.74      0.74      0.74       955
   macro avg       0.73      0.76      0.74       955
weighted avg       0.75      0.74      0.75       955



======== Train Datasets: HIF2016_DIS02_polarity.tsv HIF2016_DIS00_polarity.tsv
======== Test Dataset: HIF2016_DIS01_polarity.tsv
========== Running training ==========
  Num examples = 1819
  Batch size = 32
  Num steps = 285
Train loss: 0.9010376185178757
Train loss: 0.5636603598083768
Train loss: 0.36803670280746054
Train loss: 0.21686898810522898
Train loss: 0.14826834926913893
========== Running evaluation ==========
  Num examples =1628
  Batch size = 32
========== Test results ==========
  eval_accuracy = 0.765970515970516
  eval_loss = 0.9248122707301495
  loss = 0.14826834926913893
              precision    recall  f1-score   support

           0       0.80      0.71      0.75       302
           1       0.76      0.76      0.76       712
           2       0.76      0.80      0.78       614

   micro avg       0.77      0.77      0.77      1628
   macro avg       0.77      0.76      0.76      1628
weighted avg       0.77      0.77      0.77      1628



======== Train Datasets: HIF2016_DIS02_factuality.tsv HIF2016_DIS00_factuality.tsv
======== Test Dataset: HIF2016_DIS01_factuality.tsv
========== Running training ==========
  Num examples = 1699
  Batch size = 32
  Num steps = 270
Train loss: 0.9067672018734914
Train loss: 0.6046205798410019
Train loss: 0.3997508776637743
Train loss: 0.24759690140215856
Train loss: 0.1662110891544594
========== Running evaluation ==========
  Num examples =1593
  Batch size = 32
========== Test results ==========
  eval_accuracy = 0.8085373509102323
  eval_loss = 0.7694510377943515
  loss = 0.1662110891544594
              precision    recall  f1-score   support

           0       0.86      0.94      0.90       931
           1       0.74      0.74      0.74       389
           2       0.65      0.46      0.54       273

   micro avg       0.81      0.81      0.81      1593
   macro avg       0.75      0.71      0.73      1593
weighted avg       0.80      0.81      0.80      1593



======== Train Datasets: HIF2016_DIS01_factuality.tsv HIF2016_DIS00_factuality.tsv
======== Test Dataset: HIF2016_DIS02_factuality.tsv
========== Running training ==========
  Num examples = 2479
  Batch size = 32
  Num steps = 390
Train loss: 0.7564777704802427
Train loss: 0.4622432736607341
Train loss: 0.29560819935876054
Train loss: 0.17108183479928352
Train loss: 0.11886706643483856
========== Running evaluation ==========
  Num examples =813
  Batch size = 32
========== Test results ==========
  eval_accuracy = 0.7626076260762608
  eval_loss = 1.1287866819363375
  loss = 0.11886706643483856
              precision    recall  f1-score   support

           0       0.85      0.79      0.82       278
           1       0.73      0.89      0.80       310
           2       0.72      0.56      0.63       225

   micro avg       0.76      0.76      0.76       813
   macro avg       0.76      0.74      0.75       813
weighted avg       0.76      0.76      0.76       813



======== Train Datasets: HIF2016_DIS01_factuality.tsv HIF2016_DIS02_factuality.tsv
======== Test Dataset: HIF2016_DIS00_factuality.tsv
========== Running training ==========
  Num examples = 2406
  Batch size = 32
  Num steps = 380
Train loss: 0.7315388584136963
Train loss: 0.46931398650010425
Train loss: 0.31836087862650553
Train loss: 0.18671940562625727
Train loss: 0.136381062840422
========== Running evaluation ==========
  Num examples =886
  Batch size = 32
========== Test results ==========
  eval_accuracy = 0.7291196388261851
  eval_loss = 1.2559677426304137
  loss = 0.136381062840422
              precision    recall  f1-score   support

           0       0.71      0.94      0.81       348
           1       0.74      0.73      0.73       271
           2       0.76      0.45      0.57       267

   micro avg       0.73      0.73      0.73       886
   macro avg       0.74      0.71      0.70       886
weighted avg       0.74      0.73      0.71       886



